N_bkg =  11999495 +/- 19296 L(0 - 1e+09) 
N_sig =  30000994 +/- 19756 L(0 - 1e+09) 
asymm_bkg =  0.050093 +/- 0.00033932 L(-1 - 1) 
asymm_sig = -0.00993919 +/- 0.00019379 L(-1 - 1) 
b =  0.49831 +/- 0.0037019 L(0 - 1) 
c =  0.029708 +/- 0.00058195 L(-0.1 - 0.1) 
delta_j =  0.79810 +/- 0.0085313 L(0 - 10) 
frac_g1 =  0.59912 +/- 0.0016146 L(0 - 1) 
frac_g2 =  0.056111 +/- 0.0079823 L(0 - 1) 
frac_j =  0.29745 +/- 0.0058428 L(0 - 1) 
gamma_j = -0.399928 +/- 0.0036608 L(-1 - 1) 
mean_g1 =  6.7993 +/- 0.0016624 L(5 - 8) 
mean_g1b =  6.8197 +/- 0.0017369 L(5 - 8) 
mean_g2 =  6.9184 +/- 0.042655 L(5 - 8) 
mean_g2b =  6.9239 +/- 0.044728 L(5 - 8) 
mean_g3 =  6.6999 +/- 0.00012487 L(5 - 8) 
mean_g3b =  6.6497 +/- 0.00012620 L(5 - 8) 
mean_j =  6.5489 +/- 0.0059627 L(5 - 8) 
sigma_1 =  0.29970 +/- 0.00078931 L(0 - 5) 
sigma_2 =  0.60157 +/- 0.024838 L(0 - 5) 
sigma_3 =  0.10042 +/- 0.00012002 L(0 - 5) 
sigma_j =  0.40077 +/- 0.0051745 L(0 - 5) 
