N_bkg =  11999376 +/- 19316 L(0 - 1e+09) 
N_sig =  30001114 +/- 19777 L(0 - 1e+09) 
asymm_bkg =  0.050093 +/- 0.00033934 L(-1 - 1) 
asymm_sig = -0.00993914 +/- 0.00019379 L(-1 - 1) 
b =  0.49830 +/- 0.0037026 L(0 - 1) 
c =  0.029706 +/- 0.00058207 L(-0.1 - 0.1) 
delta_j =  0.79803 +/- 0.0085661 L(0 - 10) 
frac_g1 =  0.59911 +/- 0.0016147 L(0 - 1) 
frac_g2 =  0.056151 +/- 0.0079968 L(0 - 1) 
frac_j =  0.29745 +/- 0.0058265 L(0 - 1) 
gamma_j = -0.399916 +/- 0.0036621 L(-1 - 1) 
mean_g1 =  6.7993 +/- 0.0016604 L(5 - 8) 
mean_g1b =  6.8197 +/- 0.0017346 L(5 - 8) 
mean_g2 =  6.9184 +/- 0.042739 L(5 - 8) 
mean_g2b =  6.9238 +/- 0.044820 L(5 - 8) 
mean_g3 =  6.6999 +/- 0.00012480 L(5 - 8) 
mean_g3b =  6.6497 +/- 0.00012619 L(5 - 8) 
mean_j =  6.5489 +/- 0.0059707 L(5 - 8) 
sigma_1 =  0.29970 +/- 0.00078880 L(0.2 - 0.4) 
sigma_2 =  0.60154 +/- 0.024830 L(0.4 - 1) 
sigma_3 =  0.10042 +/- 0.00012002 L(0 - 0.2) 
sigma_j =  0.40074 +/- 0.0051818 L(0 - 5) 
